0 0.01599707 0.02599869 0.03593616 0.01891596 0.03053396 0.02487019 0.01800622 0.01983071 0.01985922 0.01696696 0.02188604 0.02551364 0.02154229 0.01607886 0.02170073 0.0389311 0.03240617 0.03505574 0.05267761 0.03380946 0.0329071 0.03761776
0.01599707 0 0.02476234 0.0358421 0.01655284 0.03064975 0.02281425 0.01824778 0.0165253 0.01496936 0.01753455 0.02074674 0.02660658 0.02077516 0.01190117 0.02075877 0.03772574 0.03171996 0.03450789 0.05215367 0.0334197 0.03365824 0.03682945
0.02599869 0.02476234 0 0.01913053 0.0220863 0.0194702 0.01709024 0.01768377 0.01943751 0.02073067 0.02998366 0.01498261 0.03335865 0.01555583 0.02662382 0.03193349 0.02933104 0.0318724 0.02894446 0.03601641 0.03086867 0.03026238 0.03206725
0.03593616 0.0358421 0.01913053 0 0.03206071 0.01474519 0.02455451 0.02727137 0.03052951 0.0312292 0.04057034 0.02596795 0.04328241 0.02924378 0.03700549 0.04098119 0.03232604 0.03642462 0.03260821 0.03369163 0.03480905 0.03407435 0.03450038
0.01891596 0.01655284 0.0220863 0.03206071 0 0.03007432 0.01935089 0.01525856 0.01777358 0.01638479 0.02207366 0.01835149 0.02842952 0.01956238 0.01560102 0.02654472 0.03229774 0.02765423 0.02857735 0.04640707 0.02790536 0.02815698 0.0310289
0.03053396 0.03064975 0.0194702 0.01474519 0.03007432 0 0.0245854 0.02516991 0.02791031 0.02843954 0.03575465 0.02423198 0.0403729 0.02737493 0.03281187 0.03559143 0.03576624 0.0370237 0.03561182 0.04070973 0.03663235 0.03621196 0.03775804
0.02487019 0.02281425 0.01709024 0.02455451 0.01935089 0.0245854 0 0.01404779 0.01702862 0.01858736 0.02796849 0.01443105 0.03308235 0.01826549 0.02397867 0.03024178 0.02598108 0.02665619 0.02448177 0.03813602 0.02568852 0.02501178 0.02687717
0.01800622 0.01824778 0.01768377 0.02727137 0.01525856 0.02516991 0.01404779 0 0.01381776 0.01552011 0.02268076 0.01338418 0.02877437 0.01585137 0.01874057 0.02591493 0.0276824 0.02525933 0.02472745 0.04200751 0.02519833 0.02527516 0.02782698
0.01983071 0.0165253 0.01943751 0.03052951 0.01777358 0.02791031 0.01702862 0.01381776 0 0.01443443 0.02113172 0.01529117 0.02602622 0.0161182 0.01911021 0.02402548 0.03193677 0.0298654 0.02983098 0.04601693 0.03084852 0.03056245 0.03290511
0.01985922 0.01496936 0.02073067 0.0312292 0.01638479 0.02843954 0.01858736 0.01552011 0.01443443 0 0.01991924 0.01663739 0.02604216 0.01803316 0.01621005 0.02457358 0.03235242 0.0292087 0.03027 0.0464987 0.03008061 0.02974183 0.03276614
0.01696696 0.01753455 0.02998366 0.04057034 0.02207366 0.03575465 0.02796849 0.02268076 0.02113172 0.01991924 0 0.02477278 0.02006204 0.02476277 0.01602233 0.02268704 0.04282757 0.03686248 0.03961292 0.05737326 0.03870238 0.03776748 0.04230124
0.02188604 0.02074674 0.01498261 0.02596795 0.01835149 0.02423198 0.01443105 0.01338418 0.01529117 0.01663739 0.02477278 0 0.02921895 0.01314161 0.02226936 0.02846188 0.0295475 0.03047345 0.02813366 0.04085444 0.02940514 0.02801541 0.03100401
0.02551364 0.02660658 0.03335865 0.04328241 0.02842952 0.0403729 0.03308235 0.02877437 0.02602622 0.02604216 0.02006204 0.02921895 0 0.02814386 0.02497695 0.03138313 0.04698355 0.04265227 0.0442131 0.0605169 0.04440696 0.04333616 0.04785831
0.02154229 0.02077516 0.01555583 0.02924378 0.01956238 0.02737493 0.01826549 0.01585137 0.0161182 0.01803316 0.02476277 0.01314161 0.02814386 0 0.02274733 0.02877468 0.03176762 0.03216705 0.03003798 0.04240309 0.03161407 0.03046165 0.03363707
0.01607886 0.01190117 0.02662382 0.03700549 0.01560102 0.03281187 0.02397867 0.01874057 0.01911021 0.01621005 0.01602233 0.02226936 0.02497695 0.02274733 0 0.02207094 0.03738761 0.03054136 0.03399608 0.05317485 0.03202188 0.03214517 0.03620361
0.02170073 0.02075877 0.03193349 0.04098119 0.02654472 0.03559143 0.03024178 0.02591493 0.02402548 0.02457358 0.02268704 0.02846188 0.03138313 0.02877468 0.02207094 0 0.04326558 0.03798525 0.04143852 0.0586225 0.03986088 0.03948605 0.04299288
0.0389311 0.03772574 0.02933104 0.03232604 0.03229774 0.03576624 0.02598108 0.0276824 0.03193677 0.03235242 0.04282757 0.0295475 0.04698355 0.03176762 0.03738761 0.04326558 0 0.02121895 0.01720966 0.03281318 0.0181847 0.01973027 0.01913503
0.03240617 0.03171996 0.0318724 0.03642462 0.02765423 0.0370237 0.02665619 0.02525933 0.0298654 0.0292087 0.03686248 0.03047345 0.04265227 0.03216705 0.03054136 0.03798525 0.02121895 0 0.01855154 0.04055163 0.01574077 0.0191274 0.01991001
0.03505574 0.03450789 0.02894446 0.03260821 0.02857735 0.03561182 0.02448177 0.02472745 0.02983098 0.03027 0.03961292 0.02813366 0.0442131 0.03003798 0.03399608 0.04143852 0.01720966 0.01855154 0 0.03193531 0.01607208 0.01717516 0.01521563
0.05267761 0.05215367 0.03601641 0.03369163 0.04640707 0.04070973 0.03813602 0.04200751 0.04601693 0.0464987 0.05737326 0.04085444 0.0605169 0.04240309 0.05317485 0.0586225 0.03281318 0.04055163 0.03193531 0 0.03659335 0.03617191 0.0324209
0.03380946 0.0334197 0.03086867 0.03480905 0.02790536 0.03663235 0.02568852 0.02519833 0.03084852 0.03008061 0.03870238 0.02940514 0.04440696 0.03161407 0.03202188 0.03986088 0.0181847 0.01574077 0.01607208 0.03659335 0 0.01548784 0.01591373
0.0329071 0.03365824 0.03026238 0.03407435 0.02815698 0.03621196 0.02501178 0.02527516 0.03056245 0.02974183 0.03776748 0.02801541 0.04333616 0.03046165 0.03214517 0.03948605 0.01973027 0.0191274 0.01717516 0.03617191 0.01548784 0 0.01690261
0.03761776 0.03682945 0.03206725 0.03450038 0.0310289 0.03775804 0.02687717 0.02782698 0.03290511 0.03276614 0.04230124 0.03100401 0.04785831 0.03363707 0.03620361 0.04299288 0.01913503 0.01991001 0.01521563 0.0324209 0.01591373 0.01690261 0
0 1.388423 1.489713 1.528816 1.426781 1.48701 1.535091 1.354677 1.438558 1.49425 1.494352 1.475888 1.66 1.570879 1.444822 1.736191 1.826644 1.816225 1.802522 2.216319 1.771373 1.802439 1.825003
1.388423 0 1.442069 1.477637 1.313486 1.472249 1.513789 1.332966 1.260659 1.296553 1.338116 1.427333 1.506955 1.57006 1.218071 1.697407 1.812676 1.793019 1.784085 2.2153 1.745131 1.783281 1.789909
1.489713 1.442069 0 1.198412 1.304076 1.324289 1.396821 1.21851 1.282634 1.359859 1.535606 1.241691 1.603902 1.422347 1.423779 1.847363 1.64316 1.748056 1.672695 1.983045 1.648296 1.716539 1.711635
1.528816 1.477637 1.198412 0 1.284307 1.208903 1.422158 1.247103 1.318 1.390436 1.561595 1.313709 1.637603 1.556608 1.429132 1.84603 1.626524 1.718835 1.650293 1.962772 1.615814 1.693177 1.672972
1.426781 1.313486 1.304076 1.284307 0 1.429558 1.428552 1.209083 1.232395 1.292016 1.436866 1.30691 1.543919 1.515637 1.295555 1.767962 1.693974 1.71073 1.682503 2.122471 1.648479 1.717007 1.711775
1.48701 1.472249 1.324289 1.208903 1.429558 0 1.493231 1.342873 1.415531 1.476932 1.563277 1.36424 1.688226 1.553985 1.479622 1.808892 1.762202 1.808143 1.774828 2.084103 1.73641 1.798256 1.797167
1.535091 1.513789 1.396821 1.422158 1.428552 1.493231 0 1.32231 1.404092 1.483229 1.588796 1.387847 1.722251 1.552725 1.510161 1.835629 1.705176 1.753985 1.7141 2.071396 1.694224 1.736157 1.73869
1.354677 1.332966 1.21851 1.247103 1.209083 1.342873 1.32231 0 1.192764 1.284069 1.451172 1.206107 1.547521 1.435409 1.330637 1.765263 1.594415 1.66231 1.603869 2.056115 1.569632 1.640851 1.63455
1.438558 1.260659 1.282634 1.318 1.232395 1.415531 1.404092 1.192764 0 1.213656 1.387243 1.264885 1.448962 1.471344 1.290287 1.725751 1.667338 1.719925 1.669596 2.119817 1.63969 1.701135 1.696945
1.49425 1.296553 1.359859 1.390436 1.292016 1.476932 1.483229 1.284069 1.213656 0 1.339289 1.34186 1.422011 1.550208 1.276403 1.793825 1.692736 1.728264 1.686861 2.134429 1.64873 1.708754 1.707988
1.494352 1.338116 1.535606 1.561595 1.436866 1.563277 1.588796 1.451172 1.387243 1.339289 0 1.506273 1.416403 1.654031 1.329573 1.752383 1.883786 1.87603 1.863612 2.27508 1.835384 1.868657 1.886184
1.475888 1.427333 1.241691 1.313709 1.30691 1.36424 1.387847 1.206107 1.264885 1.34186 1.506273 0 1.582215 1.405786 1.424054 1.842242 1.699477 1.79622 1.717033 2.100646 1.703475 1.757111 1.755818
1.66 1.506955 1.603902 1.637603 1.543919 1.688226 1.722251 1.547521 1.448962 1.422011 1.416403 1.582215 0 1.740815 1.482853 1.910006 1.962533 1.96459 1.946161 2.358231 1.914322 1.950493 1.981722
1.570879 1.57006 1.422347 1.556608 1.515637 1.553985 1.552725 1.435409 1.471344 1.550208 1.654031 1.405786 1.740815 0 1.587066 1.89886 1.80826 1.877118 1.810057 2.124821 1.800925 1.823504 1.848294
1.444822 1.218071 1.423779 1.429132 1.295555 1.479622 1.510161 1.330637 1.290287 1.276403 1.329573 1.424054 1.482853 1.587066 0 1.716873 1.78231 1.755738 1.762709 2.210727 1.716249 1.763986 1.770918
1.736191 1.697407 1.847363 1.84603 1.767962 1.808892 1.835629 1.765263 1.725751 1.793825 1.752383 1.842242 1.910006 1.89886 1.716873 0 2.081051 2.038146 2.065815 2.387478 2.036669 2.035354 2.066733
1.826644 1.812676 1.64316 1.626524 1.693974 1.762202 1.705176 1.594415 1.667338 1.692736 1.883786 1.699477 1.962533 1.80826 1.78231 2.081051 0 1.348277 1.273428 1.782779 1.199018 1.36698 1.309236
1.816225 1.793019 1.748056 1.718835 1.71073 1.808143 1.753985 1.66231 1.719925 1.728264 1.87603 1.79622 1.96459 1.877118 1.755738 2.038146 1.348277 0 1.370965 1.888715 1.266382 1.426887 1.383012
1.802522 1.784085 1.672695 1.650293 1.682503 1.774828 1.7141 1.603869 1.669596 1.686861 1.863612 1.717033 1.946161 1.810057 1.762709 2.065815 1.273428 1.370965 0 1.703784 1.25015 1.342205 1.206777
2.216319 2.2153 1.983045 1.962772 2.122471 2.084103 2.071396 2.056115 2.119817 2.134429 2.27508 2.100646 2.358231 2.124821 2.210727 2.387478 1.782779 1.888715 1.703784 0 1.784352 1.827907 1.737774
1.771373 1.745131 1.648296 1.615814 1.648479 1.73641 1.694224 1.569632 1.63969 1.64873 1.835384 1.703475 1.914322 1.800925 1.716249 2.036669 1.199018 1.266382 1.25015 1.784352 0 1.309839 1.253817
1.802439 1.783281 1.716539 1.693177 1.717007 1.798256 1.736157 1.640851 1.701135 1.708754 1.868657 1.757111 1.950493 1.823504 1.763986 2.035354 1.36698 1.426887 1.342205 1.827907 1.309839 0 1.334149
1.825003 1.789909 1.711635 1.672972 1.711775 1.797167 1.73869 1.63455 1.696945 1.707988 1.886184 1.755818 1.981722 1.848294 1.770918 2.066733 1.309236 1.383012 1.206777 1.737774 1.253817 1.334149 0
0 1115703 1233397 1176524 1259218 924661.2 833863.1 1175873 1255920 1288098 963433.3 1236431 1356796 869360 1067092 669270.8 917498.3 811382.6 874032.1 675685 933619.5 809723.4 868598.7
1115703 0 1439004 1370739 1422613 1161522 1094091 1384034 1378250 1405382 1150872 1441802 1510329 1143039 1185515 932148.5 1174043 1075848 1136136 955614.6 1190561 1074393 1124438
1233397 1439004 0 1274885 1415864 1190935 1146689 1359036 1431029 1500529 1309920 1410263 1628201 1180993 1352315 1043806 1201732 1139764 1182298 1002699 1230238 1143204 1181812
1176524 1370739 1274885 0 1313124 1092476 1090125 1301075 1360853 1422524 1241347 1361802 1554085 1152198 1277678 978154.2 1134732 1072636 1113026 942413.3 1158167 1074416 1108761
1259218 1422613 1415864 1313124 0 1255290 1191672 1392970 1436392 1498046 1313776 1471729 1650006 1249786 1346387 1069363 1258626 1176144 1229199 1063290 1275120 1183789 1223043
924661.2 1161522 1190935 1092476 1255290 0 866572.7 1179816 1243518 1289738 1000296 1202363 1365140 896155 1079002 723189.4 933734.7 849494.6 907579.7 711682.2 955069.5 853277.4 904377.7
833863.1 1094091 1146689 1090125 1191672 866572.7 0 1110798 1177972 1214129 919647.7 1151161 1294324 784288.9 1008396 602013.4 822852.2 715797.9 780719.5 580700.1 843261.1 719914.5 773567.6
1175873 1384034 1359036 1301075 1392970 1179816 1110798 0 1365112 1444590 1271486 1370019 1594083 1177623 1312096 1018051 1176462 1110389 1157219 1000622 1194772 1114840 1153508
1255920 1378250 1431029 1360853 1436392 1243518 1177972 1365112 0 1435242 1279019 1436463 1570261 1234211 1315991 1051325 1238980 1166171 1218539 1056056 1259974 1172285 1211469
1288098 1405382 1500529 1422524 1498046 1289738 1214129 1444590 1435242 0 1251644 1482150 1552903 1272288 1324850 1076770 1244736 1177774 1224788 1065600 1261905 1176417 1217290
963433.3 1150872 1309920 1241347 1313776 1000296 919647.7 1271486 1279019 1251644 0 1302043 1302176 965670.7 1068816 743745.7 982236.6 890456.7 957526.3 760356.4 997185.8 885527.6 949762.6
1236431 1441802 1410263 1361802 1471729 1202363 1151161 1370019 1436463 1482150 1302043 0 1628178 1186488 1363937 1047511 1234013 1166537 1217637 1028817 1262936 1166379 1216748
1356796 1510329 1628201 1554085 1650006 1365140 1294324 1594083 1570261 1552903 1302176 1628178 0 1335247 1430552 1109212 1355187 1257784 1318927 1113992 1374191 1254781 1318433
869360 1143039 1180993 1152198 1249786 896155 784288.9 1177623 1234211 1272288 965670.7 1186488 1335247 0 1060139 625948.1 863756.2 753489 821519.3 598748.8 889111.3 749031.9 818732.9
1067092 1185515 1352315 1277678 1346387 1079002 1008396 1312096 1315991 1324850 1068816 1363937 1430552 1060139 0 854745.5 1081286 985787.6 1048650 873071.9 1094616 985437.6 1035826
669270.8 932148.5 1043806 978154.2 1069363 723189.4 602013.4 1018051 1051325 1076770 743745.7 1047511 1109212 625948.1 854745.5 0 658109.5 532712 612406.6 359742.4 678772.7 531313 603836.9
917498.3 1174043 1201732 1134732 1258626 933734.7 822852.2 1176462 1238980 1244736 982236.6 1234013 1355187 863756.2 1081286 658109.5 0 606240.5 641248.9 541663.8 644781.4 625094.1 646100.7
811382.6 1075848 1139764 1072636 1176144 849494.6 715797.9 1110389 1166171 1177774 890456.7 1166537 1257784 753489 985787.6 532712 606240.5 0 581887.9 445190.4 619950.1 533256.9 579668.6
874032.1 1136136 1182298 1113026 1229199 907579.7 780719.5 1157219 1218539 1224788 957526.3 1217637 1318927 821519.3 1048650 612406.6 641248.9 581887.9 0 486496.1 660147.1 583338.2 568292.6
675685 955614.6 1002699 942413.3 1063290 711682.2 580700.1 1000622 1056056 1065600 760356.4 1028817 1113992 598748.8 873071.9 359742.4 541663.8 445190.4 486496.1 0 565314.5 440268.1 487551.2
933619.5 1190561 1230238 1158167 1275120 955069.5 843261.1 1194772 1259974 1261905 997185.8 1262936 1374191 889111.3 1094616 678772.7 644781.4 619950.1 660147.1 565314.5 0 639469.7 661056.7
809723.4 1074393 1143204 1074416 1183789 853277.4 719914.5 1114840 1172285 1176417 885527.6 1166379 1254781 749031.9 985437.6 531313 625094.1 533256.9 583338.2 440268.1 639469.7 0 577374
868598.7 1124438 1181812 1108761 1223043 904377.7 773567.6 1153508 1211469 1217290 949762.6 1216748 1318433 818732.9 1035826 603836.9 646100.7 579668.6 568292.6 487551.2 661056.7 577374 0
0 0.009494593 0.01822477 0.02694887 0.01185201 0.02296328 0.01746071 0.0124676 0.0134708 0.01286512 0.008838135 0.0144245 0.0163267 0.01405752 0.008368192 0.01322984 0.02695361 0.02067947 0.02423231 0.03568156 0.02223951 0.02121448 0.02591854
0.009494593 0 0.01638565 0.0267687 0.009814231 0.02379365 0.01405866 0.01083542 0.01049242 0.008294626 0.01177046 0.01210061 0.01821696 0.01210287 0.006275897 0.01309362 0.0229212 0.01821294 0.02128727 0.03338562 0.02020155 0.0208385 0.02319858
0.01822477 0.01638565 0 0.01237032 0.01483619 0.01194068 0.009561478 0.01107109 0.01232243 0.01329399 0.02157117 0.008766088 0.0222091 0.009132347 0.01847219 0.02000703 0.01632741 0.01819372 0.01658283 0.02134758 0.01817525 0.01790992 0.01868612
0.02694887 0.0267687 0.01237032 0 0.02515241 0.008232172 0.01762616 0.02101106 0.02278523 0.02352825 0.03076611 0.01877639 0.03086825 0.02022256 0.02865805 0.02878809 0.02021494 0.0253285 0.02180021 0.01872998 0.02409624 0.02288332 0.02267056
0.01185201 0.009814231 0.01483619 0.02515241 0 0.02303539 0.01155913 0.008773803 0.01091641 0.009527444 0.01454109 0.01077029 0.01814693 0.01103087 0.008684736 0.0162457 0.01916186 0.0150029 0.01655686 0.02984655 0.01522209 0.01562777 0.017973
0.02296328 0.02379365 0.01194068 0.008232172 0.02303539 0 0.01611339 0.01878124 0.02053965 0.02123544 0.02682592 0.01688113 0.02799714 0.01856434 0.02554189 0.02530623 0.02111001 0.02413982 0.02229546 0.02391736 0.02385959 0.02313087 0.02364317
0.01746071 0.01405866 0.009561478 0.01762616 0.01155913 0.01611339 0 0.007788475 0.009747386 0.01037675 0.02018567 0.007585919 0.02205786 0.009909652 0.01569284 0.01850454 0.01378444 0.01399793 0.01276326 0.02214494 0.01354292 0.013538 0.01435695
0.0124676 0.01083542 0.01107109 0.02101106 0.008773803 0.01878124 0.007788475 0 0.007696199 0.008382893 0.01537986 0.007143128 0.01829518 0.008785913 0.01142438 0.01547813 0.01643677 0.01316856 0.01418872 0.02610267 0.01408454 0.01456978 0.01635028
0.0134708 0.01049242 0.01232243 0.02278523 0.01091641 0.02053965 0.009747386 0.007696199 0 0.008238389 0.01549836 0.008313739 0.01745912 0.008624289 0.011891 0.01480572 0.01884545 0.01672164 0.01808642 0.02852936 0.01872 0.01910172 0.02037217
0.01286512 0.008294626 0.01329399 0.02352825 0.009527444 0.02123544 0.01037675 0.008382893 0.008238389 0 0.01460516 0.009083418 0.0180106 0.009756819 0.009698389 0.01468371 0.01907303 0.01628264 0.01810513 0.02913239 0.01804881 0.01807568 0.01996128
0.008838135 0.01177046 0.02157117 0.03076611 0.01454109 0.02682592 0.02018567 0.01537986 0.01549836 0.01460516 0 0.01697609 0.01360212 0.01630701 0.009628762 0.01393616 0.02953981 0.02348362 0.02706965 0.0392478 0.02524874 0.02420971 0.02886462
0.0144245 0.01210061 0.008766088 0.01877639 0.01077029 0.01688113 0.007585919 0.007143128 0.008313739 0.009083418 0.01697609 0 0.01873386 0.006772098 0.01368318 0.01686955 0.01697257 0.01657077 0.01599229 0.02479626 0.01658712 0.01606021 0.01796243
0.0163267 0.01821696 0.0222091 0.03086825 0.01814693 0.02799714 0.02205786 0.01829518 0.01745912 0.0180106 0.01360212 0.01873386 0 0.01744524 0.01652133 0.0211109 0.03091904 0.02677366 0.02897257 0.04019032 0.02848011 0.02777747 0.03175477
0.01405752 0.01210287 0.009132347 0.02022256 0.01103087 0.01856434 0.009909652 0.008785913 0.008624289 0.009756819 0.01630701 0.006772098 0.01744524 0 0.0133208 0.01710239 0.01855357 0.01779037 0.01768411 0.02623933 0.01869567 0.01837467 0.02024523
0.008368192 0.006275897 0.01847219 0.02865805 0.008684736 0.02554189 0.01569284 0.01142438 0.011891 0.009698389 0.009628762 0.01368318 0.01652133 0.0133208 0 0.01365866 0.02390769 0.01784353 0.02151492 0.03511232 0.01919844 0.01925003 0.02308153
0.01322984 0.01309362 0.02000703 0.02878809 0.0162457 0.02530623 0.01850454 0.01547813 0.01480572 0.01468371 0.01393616 0.01686955 0.0211109 0.01710239 0.01365866 0 0.02676683 0.0224468 0.02564436 0.03681286 0.02458241 0.02433593 0.02735269
0.02695361 0.0229212 0.01632741 0.02021494 0.01916186 0.02111001 0.01378444 0.01643677 0.01884545 0.01907303 0.02953981 0.01697257 0.03091904 0.01855357 0.02390769 0.02676683 0 0.01170419 0.008965039 0.01915238 0.01019393 0.01143546 0.01033361
0.02067947 0.01821294 0.01819372 0.0253285 0.0150029 0.02413982 0.01399793 0.01316856 0.01672164 0.01628264 0.02348362 0.01657077 0.02677366 0.01779037 0.01784353 0.0224468 0.01170419 0 0.00983561 0.02587783 0.008926454 0.01057457 0.01113984
0.02423231 0.02128727 0.01658283 0.02180021 0.01655686 0.02229546 0.01276326 0.01418872 0.01808642 0.01810513 0.02706965 0.01599229 0.02897257 0.01768411 0.02151492 0.02564436 0.008965039 0.00983561 0 0.02054319 0.008788155 0.009668082 0.008679217
0.03568156 0.03338562 0.02134758 0.01872998 0.02984655 0.02391736 0.02214494 0.02610267 0.02852936 0.02913239 0.0392478 0.02479626 0.04019032 0.02623933 0.03511232 0.03681286 0.01915238 0.02587783 0.02054319 0 0.02379971 0.02319274 0.02076474
0.02223951 0.02020155 0.01817525 0.02409624 0.01522209 0.02385959 0.01354292 0.01408454 0.01872 0.01804881 0.02524874 0.01658712 0.02848011 0.01869567 0.01919844 0.02458241 0.01019393 0.008926454 0.008788155 0.02379971 0 0.008817967 0.008818725
0.02121448 0.0208385 0.01790992 0.02288332 0.01562777 0.02313087 0.013538 0.01456978 0.01910172 0.01807568 0.02420971 0.01606021 0.02777747 0.01837467 0.01925003 0.02433593 0.01143546 0.01057457 0.009668082 0.02319274 0.008817967 0 0.009849422
0.02591854 0.02319858 0.01868612 0.02267056 0.017973 0.02364317 0.01435695 0.01635028 0.02037217 0.01996128 0.02886462 0.01796243 0.03175477 0.02024523 0.02308153 0.02735269 0.01033361 0.01113984 0.008679217 0.02076474 0.008818725 0.009849422 0
0 113.2169 118.7112 116.9861 117.8665 109.0879 109.6799 112.4345 118.6052 122.2978 113.2142 119.1486 131.2273 113.83 114.2374 111.3741 120.2178 117.6925 119.1037 123.1093 119.7298 117.6302 119.2922
113.2169 0 121.2005 118.9572 116.3188 115.1906 117.4338 115.993 113.0053 115.8124 111.9493 121.626 127.3355 122.5634 107.3447 120.1091 127.3381 125.7964 126.6625 134.1891 126.3506 125.6814 126.0299
118.7112 121.2005 0 104.3984 113.2374 109.538 113.6508 108.5788 113.4023 119.156 122.4272 111.9255 132.1453 116.9579 118.0681 126.7984 120.7836 124.169 122.4781 127.6006 122.1646 124.1511 123.4391
116.9861 118.9572 104.3984 0 108.1223 101.738 111.6322 106.8212 111.0787 116.4066 119.7382 111.7388 129.714 119.2991 114.6042 123.0088 117.2311 120.1863 118.5696 124.1197 117.9826 120.1101 118.9758
117.8665 116.3188 113.2374 108.1223 0 114.9684 116.2032 109.501 111.6242 116.602 119.387 116.0215 131.079 122.562 113.799 125.6229 124.5944 124.8426 124.7641 133.8938 124.1084 125.7864 125.2067
109.0879 115.1906 109.538 101.738 114.9684 0 107.9799 109.5883 114.3803 119.0043 113.9574 111.5041 128.8529 112.1547 112.8039 113.7696 116.7445 116.9509 117.4791 119.9389 117.1427 117.3958 117.7865
109.6799 117.4338 113.6508 111.6322 116.2032 107.9799 0 110.0125 115.4516 120.1091 114.9842 114.4145 131.3941 110.2836 114.507 110.9105 113.511 111.8557 113.0515 115.0449 114.1961 112.2687 113.1613
112.4345 115.993 108.5788 106.8212 109.501 109.5883 110.0125 0 108.7787 115.044 118.747 109.5337 129.6782 117.6151 114.0327 123.7129 118.739 121.005 119.897 129.6427 118.8775 121.1863 120.4505
118.6052 113.0053 113.4023 111.0787 111.6242 114.3803 115.4516 108.7787 0 112.0234 116.7221 113.9973 125.1229 121.1377 112.3375 124.0252 123.377 124.9606 124.3006 133.9729 123.5242 125.2562 124.5539
122.2978 115.8124 119.156 116.4066 116.602 119.0043 120.1091 115.044 112.0234 0 114.1463 118.9752 123.844 125.8401 112.8441 127.8579 124.8575 126.1642 125.3501 135.2967 124.3908 125.9597 125.4276
113.2142 111.9493 122.4272 119.7382 119.387 113.9574 114.9842 118.747 116.7221 114.1463 0 122.031 119.5895 120.4272 109.207 115.3172 124.1008 122.4685 123.9405 128.8377 123.6186 122.3347 123.9742
119.1486 121.626 111.9255 111.7388 116.0215 111.5041 114.4145 109.5337 113.9973 118.9752 122.031 0 132.4712 117.5009 119.489 127.6773 125.1047 127.9879 126.5539 132.9896 126.4763 127.4939 127.4975
131.2273 127.3355 132.1453 129.714 131.079 128.8529 131.3941 129.6782 125.1229 123.844 119.5895 132.4712 0 134.9283 124.5117 133.5414 138.2829 137.5329 137.9395 144.4529 137.8095 137.3319 138.8893
113.83 122.5634 116.9579 119.2991 122.562 112.1547 110.2836 117.6151 121.1377 125.8401 120.4272 117.5009 134.9283 0 120.3263 115.2542 119.368 118.2376 118.785 118.3877 120.489 117.0615 119.5576
114.2374 107.3447 118.0681 114.6042 113.799 112.8039 114.507 114.0327 112.3375 112.8441 109.207 119.489 124.5117 120.3263 0 117.8859 123.283 121.4799 123.0203 130.9808 122.2011 121.9689 122.3917
111.3741 120.1091 126.7984 123.0088 125.6229 113.7696 110.9105 123.7129 124.0252 127.8579 115.3172 127.6773 133.5414 115.2542 117.8859 0 118.2004 112.1778 116.579 109.1474 118.5107 112.2746 115.9757
120.2178 127.3381 120.7836 117.2311 124.5944 116.7445 113.511 118.739 123.377 124.8575 124.1008 125.1047 138.2829 119.368 123.283 118.2004 0 89.75681 88.2468 101.0255 84.95912 92.37149 89.62147
117.6925 125.7964 124.169 120.1863 124.8426 116.9509 111.8557 121.005 124.9606 126.1642 122.4685 127.9879 137.5329 118.2376 121.4799 112.1778 89.75681 0 90.65097 99.8852 88.6703 91.34657 90.90203
119.1037 126.6625 122.4781 118.5696 124.7641 117.4791 113.0515 119.897 124.3006 125.3501 123.9405 126.5539 137.9395 118.785 123.0203 116.579 88.2468 90.65097 0 96.45728 88.75804 90.4776 83.47894
123.1093 134.1891 127.6006 124.1197 133.8938 119.9389 115.0449 129.6427 133.9729 135.2967 128.8377 132.9896 144.4529 118.3877 130.9808 109.1474 101.0255 99.8852 96.45728 0 102.5813 98.60302 97.62569
119.7298 126.3506 122.1646 117.9826 124.1084 117.1427 114.1961 118.8775 123.5242 124.3908 123.6186 126.4763 137.8095 120.489 122.2011 118.5107 84.95912 88.6703 88.75804 102.5813 0 91.7919 89.14758
117.6302 125.6814 124.1511 120.1101 125.7864 117.3958 112.2687 121.1863 125.2562 125.9597 122.3347 127.4939 137.3319 117.0615 121.9689 112.2746 92.37149 91.34657 90.4776 98.60302 91.7919 0 89.9886
119.2922 126.0299 123.4391 118.9758 125.2067 117.7865 113.1613 120.4505 124.5539 125.4276 123.9742 127.4975 138.8893 119.5576 122.3917 115.9757 89.62147 90.90203 83.47894 97.62569 89.14758 89.9886 0
0 0.03678926 0.04909815 0.05311777 0.04148335 0.04549571 0.04972329 0.04090557 0.04424327 0.04491084 0.03627949 0.04462004 0.03823751 0.0468842 0.03560445 0.04148194 0.06467083 0.05689334 0.06116082 0.07671131 0.0570465 0.05561101 0.06281409
0.03678926 0 0.03429989 0.0511967 0.02577874 0.04822489 0.03523276 0.02805996 0.02779642 0.02683134 0.03809682 0.03045324 0.0394099 0.0333638 0.02575674 0.03739607 0.04971077 0.0428043 0.04585889 0.06222232 0.04243488 0.04150804 0.04712852
0.04909815 0.03429989 0 0.02629691 0.02908669 0.02550256 0.0228192 0.02487325 0.02473364 0.02684655 0.05210203 0.02273179 0.05072357 0.02696974 0.03899515 0.04904328 0.03531527 0.03158566 0.03342146 0.04538918 0.03012352 0.03070549 0.03488625
0.05311777 0.0511967 0.02629691 0 0.04963051 0.02447915 0.03815928 0.04204131 0.04517886 0.04676435 0.05656077 0.0387942 0.05511101 0.04128548 0.05361958 0.05285665 0.03948281 0.04873358 0.04318859 0.04009641 0.04627961 0.04462445 0.0433989
0.04148335 0.02577874 0.02908669 0.04963051 0 0.04707364 0.03068801 0.02262072 0.02364297 0.02343285 0.04349501 0.0246053 0.043301 0.02879431 0.03016525 0.04150992 0.0438722 0.03832256 0.04070919 0.0567513 0.03717441 0.03715379 0.04202553
0.04549571 0.04822489 0.02550256 0.02447915 0.04707364 0 0.03621981 0.0397853 0.04275567 0.04436453 0.05051467 0.03670352 0.05021689 0.038884 0.05064559 0.04986621 0.04016968 0.04619454 0.04147163 0.05066576 0.04406489 0.04276111 0.04155032
0.04972329 0.03523276 0.0228192 0.03815928 0.03068801 0.03621981 0 0.02690011 0.02644053 0.02911344 0.05370143 0.02603157 0.05395181 0.03079103 0.04063844 0.04879503 0.03434434 0.02973567 0.03198675 0.0455561 0.0288498 0.02883703 0.03316783
0.04090557 0.02805996 0.02487325 0.04204131 0.02262072 0.0397853 0.02690011 0 0.02053469 0.02176464 0.04503903 0.0209149 0.04455077 0.02529324 0.03186871 0.04336704 0.04081552 0.03444352 0.03753855 0.05359995 0.03324624 0.03360371 0.03912773
0.04424327 0.02779642 0.02473364 0.04517886 0.02364297 0.04275567 0.02644053 0.02053469 0 0.02005931 0.04506254 0.02054924 0.04344342 0.02518166 0.03205266 0.04353562 0.0395318 0.03435401 0.03669347 0.05244056 0.03296262 0.03309914 0.03779045
0.04491084 0.02683134 0.02684655 0.04676435 0.02343285 0.04436453 0.02911344 0.02176464 0.02005931 0 0.04338301 0.02326355 0.04168181 0.02752372 0.03098063 0.04408915 0.04059393 0.03478511 0.03715127 0.05364977 0.03372939 0.03363826 0.03854389
0.03627949 0.03809682 0.05210203 0.05656077 0.04349501 0.05051467 0.05370143 0.04503903 0.04506254 0.04338301 0 0.04732645 0.02959679 0.05094706 0.03394111 0.04461232 0.06778702 0.06004846 0.06420109 0.08051238 0.05997643 0.05879367 0.06590614
0.04462004 0.03045324 0.02273179 0.0387942 0.0246053 0.03670352 0.02603157 0.0209149 0.02054924 0.02326355 0.04732645 0 0.04706494 0.02435688 0.03512719 0.04573626 0.03957682 0.03518885 0.03716712 0.0512865 0.03387669 0.03421875 0.03850526
0.03823751 0.0394099 0.05072357 0.05511101 0.043301 0.05021689 0.05395181 0.04455077 0.04344342 0.04168181 0.02959679 0.04706494 0 0.05042961 0.03584196 0.04752885 0.06708043 0.0596644 0.06306297 0.08008871 0.05911455 0.05787496 0.06512023
0.0468842 0.0333638 0.02696974 0.04128548 0.02879431 0.038884 0.03079103 0.02529324 0.02518166 0.02752372 0.05094706 0.02435688 0.05042961 0 0.03889148 0.04767553 0.04343737 0.03842715 0.04062784 0.05342377 0.03722958 0.03712583 0.04193316
0.03560445 0.02575674 0.03899515 0.05361958 0.03016525 0.05064559 0.04063844 0.03186871 0.03205266 0.03098063 0.03394111 0.03512719 0.03584196 0.03889148 0 0.0356221 0.05472629 0.04753931 0.05108359 0.06778832 0.04720474 0.04640727 0.05245106
0.04148194 0.03739607 0.04904328 0.05285665 0.04150992 0.04986621 0.04879503 0.04336704 0.04353562 0.04408915 0.04461232 0.04573626 0.04752885 0.04767553 0.0356221 0 0.06133192 0.05478586 0.05840622 0.07173447 0.05498083 0.05372348 0.05949504
0.06467083 0.04971077 0.03531527 0.03948281 0.0438722 0.04016968 0.03434434 0.04081552 0.0395318 0.04059393 0.06778702 0.03957682 0.06708043 0.04343737 0.05472629 0.06133192 0 0.02631044 0.01968029 0.03766665 0.02276436 0.02932064 0.01833309
0.05689334 0.0428043 0.03158566 0.04873358 0.03832256 0.04619454 0.02973567 0.03444352 0.03435401 0.03478511 0.06004846 0.03518885 0.0596644 0.03842715 0.04753931 0.05478586 0.02631044 0 0.02337264 0.04688403 0.01844033 0.02257642 0.02472806
0.06116082 0.04585889 0.03342146 0.04318859 0.04070919 0.04147163 0.03198675 0.03753855 0.03669347 0.03715127 0.06420109 0.03716712 0.06306297 0.04062784 0.05108359 0.05840622 0.01968029 0.02337264 0 0.04094774 0.02026143 0.02508361 0.01646462
0.07671131 0.06222232 0.04538918 0.04009641 0.0567513 0.05066576 0.0455561 0.05359995 0.05244056 0.05364977 0.08051238 0.0512865 0.08008871 0.05342377 0.06778832 0.07173447 0.03766665 0.04688403 0.04094774 0 0.04440013 0.04254916 0.04143322
0.0570465 0.04243488 0.03012352 0.04627961 0.03717441 0.04406489 0.0288498 0.03324624 0.03296262 0.03372939 0.05997643 0.03387669 0.05911455 0.03722958 0.04720474 0.05498083 0.02276436 0.01844033 0.02026143 0.04440013 0 0.02137504 0.02157123
0.05561101 0.04150804 0.03070549 0.04462445 0.03715379 0.04276111 0.02883703 0.03360371 0.03309914 0.03363826 0.05879367 0.03421875 0.05787496 0.03712583 0.04640727 0.05372348 0.02932064 0.02257642 0.02508361 0.04254916 0.02137504 0 0.02595392
0.06281409 0.04712852 0.03488625 0.0433989 0.04202553 0.04155032 0.03316783 0.03912773 0.03779045 0.03854389 0.06590614 0.03850526 0.06512023 0.04193316 0.05245106 0.05949504 0.01833309 0.02472806 0.01646462 0.04143322 0.02157123 0.02595392 0
0 0.03678926 0.04909815 0.05311777 0.04148335 0.04549571 0.04972329 0.04090557 0.04424327 0.04491084 0.03627949 0.04462004 0.03823751 0.0468842 0.03560445 0.04148194 0.06467083 0.05689334 0.06116082 0.07671131 0.0570465 0.05561101 0.06281409
0.03678926 0 0.03429989 0.0511967 0.02577874 0.04822489 0.03523276 0.02805996 0.02779642 0.02683134 0.03809682 0.03045324 0.0394099 0.0333638 0.02575674 0.03739607 0.04971077 0.0428043 0.04585889 0.06222232 0.04243488 0.04150804 0.04712852
0.04909815 0.03429989 0 0.02629691 0.02908669 0.02550256 0.0228192 0.02487325 0.02473364 0.02684655 0.05210203 0.02273179 0.05072357 0.02696974 0.03899515 0.04904328 0.03531527 0.03158566 0.03342146 0.04538918 0.03012352 0.03070549 0.03488625
0.05311777 0.0511967 0.02629691 0 0.04963051 0.02447915 0.03815928 0.04204131 0.04517886 0.04676435 0.05656077 0.0387942 0.05511101 0.04128548 0.05361958 0.05285665 0.03948281 0.04873358 0.04318859 0.04009641 0.04627961 0.04462445 0.0433989
0.04148335 0.02577874 0.02908669 0.04963051 0 0.04707364 0.03068801 0.02262072 0.02364297 0.02343285 0.04349501 0.0246053 0.043301 0.02879431 0.03016525 0.04150992 0.0438722 0.03832256 0.04070919 0.0567513 0.03717441 0.03715379 0.04202553
0.04549571 0.04822489 0.02550256 0.02447915 0.04707364 0 0.03621981 0.0397853 0.04275567 0.04436453 0.05051467 0.03670352 0.05021689 0.038884 0.05064559 0.04986621 0.04016968 0.04619454 0.04147163 0.05066576 0.04406489 0.04276111 0.04155032
0.04972329 0.03523276 0.0228192 0.03815928 0.03068801 0.03621981 0 0.02690011 0.02644053 0.02911344 0.05370143 0.02603157 0.05395181 0.03079103 0.04063844 0.04879503 0.03434434 0.02973567 0.03198675 0.0455561 0.0288498 0.02883703 0.03316783
0.04090557 0.02805996 0.02487325 0.04204131 0.02262072 0.0397853 0.02690011 0 0.02053469 0.02176464 0.04503903 0.0209149 0.04455077 0.02529324 0.03186871 0.04336704 0.04081552 0.03444352 0.03753855 0.05359995 0.03324624 0.03360371 0.03912773
0.04424327 0.02779642 0.02473364 0.04517886 0.02364297 0.04275567 0.02644053 0.02053469 0 0.02005931 0.04506254 0.02054924 0.04344342 0.02518166 0.03205266 0.04353562 0.0395318 0.03435401 0.03669347 0.05244056 0.03296262 0.03309914 0.03779045
0.04491084 0.02683134 0.02684655 0.04676435 0.02343285 0.04436453 0.02911344 0.02176464 0.02005931 0 0.04338301 0.02326355 0.04168181 0.02752372 0.03098063 0.04408915 0.04059393 0.03478511 0.03715127 0.05364977 0.03372939 0.03363826 0.03854389
0.03627949 0.03809682 0.05210203 0.05656077 0.04349501 0.05051467 0.05370143 0.04503903 0.04506254 0.04338301 0 0.04732645 0.02959679 0.05094706 0.03394111 0.04461232 0.06778702 0.06004846 0.06420109 0.08051238 0.05997643 0.05879367 0.06590614
0.04462004 0.03045324 0.02273179 0.0387942 0.0246053 0.03670352 0.02603157 0.0209149 0.02054924 0.02326355 0.04732645 0 0.04706494 0.02435688 0.03512719 0.04573626 0.03957682 0.03518885 0.03716712 0.0512865 0.03387669 0.03421875 0.03850526
0.03823751 0.0394099 0.05072357 0.05511101 0.043301 0.05021689 0.05395181 0.04455077 0.04344342 0.04168181 0.02959679 0.04706494 0 0.05042961 0.03584196 0.04752885 0.06708043 0.0596644 0.06306297 0.08008871 0.05911455 0.05787496 0.06512023
0.0468842 0.0333638 0.02696974 0.04128548 0.02879431 0.038884 0.03079103 0.02529324 0.02518166 0.02752372 0.05094706 0.02435688 0.05042961 0 0.03889148 0.04767553 0.04343737 0.03842715 0.04062784 0.05342377 0.03722958 0.03712583 0.04193316
0.03560445 0.02575674 0.03899515 0.05361958 0.03016525 0.05064559 0.04063844 0.03186871 0.03205266 0.03098063 0.03394111 0.03512719 0.03584196 0.03889148 0 0.0356221 0.05472629 0.04753931 0.05108359 0.06778832 0.04720474 0.04640727 0.05245106
0.04148194 0.03739607 0.04904328 0.05285665 0.04150992 0.04986621 0.04879503 0.04336704 0.04353562 0.04408915 0.04461232 0.04573626 0.04752885 0.04767553 0.0356221 0 0.06133192 0.05478586 0.05840622 0.07173447 0.05498083 0.05372348 0.05949504
0.06467083 0.04971077 0.03531527 0.03948281 0.0438722 0.04016968 0.03434434 0.04081552 0.0395318 0.04059393 0.06778702 0.03957682 0.06708043 0.04343737 0.05472629 0.06133192 0 0.02631044 0.01968029 0.03766665 0.02276436 0.02932064 0.01833309
0.05689334 0.0428043 0.03158566 0.04873358 0.03832256 0.04619454 0.02973567 0.03444352 0.03435401 0.03478511 0.06004846 0.03518885 0.0596644 0.03842715 0.04753931 0.05478586 0.02631044 0 0.02337264 0.04688403 0.01844033 0.02257642 0.02472806
0.06116082 0.04585889 0.03342146 0.04318859 0.04070919 0.04147163 0.03198675 0.03753855 0.03669347 0.03715127 0.06420109 0.03716712 0.06306297 0.04062784 0.05108359 0.05840622 0.01968029 0.02337264 0 0.04094774 0.02026143 0.02508361 0.01646462
0.07671131 0.06222232 0.04538918 0.04009641 0.0567513 0.05066576 0.0455561 0.05359995 0.05244056 0.05364977 0.08051238 0.0512865 0.08008871 0.05342377 0.06778832 0.07173447 0.03766665 0.04688403 0.04094774 0 0.04440013 0.04254916 0.04143322
0.0570465 0.04243488 0.03012352 0.04627961 0.03717441 0.04406489 0.0288498 0.03324624 0.03296262 0.03372939 0.05997643 0.03387669 0.05911455 0.03722958 0.04720474 0.05498083 0.02276436 0.01844033 0.02026143 0.04440013 0 0.02137504 0.02157123
0.05561101 0.04150804 0.03070549 0.04462445 0.03715379 0.04276111 0.02883703 0.03360371 0.03309914 0.03363826 0.05879367 0.03421875 0.05787496 0.03712583 0.04640727 0.05372348 0.02932064 0.02257642 0.02508361 0.04254916 0.02137504 0 0.02595392
0.06281409 0.04712852 0.03488625 0.0433989 0.04202553 0.04155032 0.03316783 0.03912773 0.03779045 0.03854389 0.06590614 0.03850526 0.06512023 0.04193316 0.05245106 0.05949504 0.01833309 0.02472806 0.01646462 0.04143322 0.02157123 0.02595392 0
0 0.007743624 0.01545659 0.0220894 0.01001 0.02034268 0.01621144 0.01165285 0.01245144 0.01150344 0.005012649 0.0128493 0.01410518 0.01217691 0.004499822 0.01108922 0.02453704 0.01757236 0.02150059 0.03021406 0.01839297 0.01638873 0.02268309
0.007743624 0 0.01398324 0.02451952 0.008043622 0.0227728 0.008684558 0.008178949 0.008756559 0.005204721 0.009998351 0.007981182 0.01536612 0.007462801 0.003485331 0.01108922 0.01679341 0.009828734 0.01375696 0.02284402 0.01410197 0.01470959 0.01579992
0.01545659 0.01398324 0 0.01053628 0.01318638 0.008789559 0.005365403 0.00893818 0.01056078 0.01132786 0.01771132 0.006520225 0.01729919 0.00732198 0.01542506 0.01401631 0.009490112 0.01234145 0.01056008 0.01475747 0.01177467 0.01238229 0.01347262
0.0220894 0.02451952 0.01053628 0 0.02372265 0.0052359 0.01590168 0.01947446 0.02109706 0.02186414 0.02559055 0.0170565 0.02481201 0.01785826 0.02596133 0.02455259 0.01661886 0.02287772 0.01940086 0.01129222 0.02147255 0.01989153 0.01965718
0.01001 0.008043622 0.01318638 0.02372265 0 0.02197594 0.007820974 0.006144105 0.00796226 0.006925932 0.01226472 0.006666152 0.01186163 0.006782396 0.005751704 0.01108922 0.01452704 0.007562361 0.01149059 0.02204715 0.008382973 0.008917986 0.0126731
0.02034268 0.0227728 0.008789559 0.0052359 0.02197594 0 0.01415496 0.01772774 0.01935034 0.02011742 0.02384384 0.01530978 0.0230653 0.01611154 0.02421461 0.02280587 0.01487214 0.02113101 0.01765415 0.01652812 0.01972583 0.01814482 0.01791046
0.01621144 0.008684558 0.005365403 0.01590168 0.007820974 0.01415496 0 0.004740271 0.006329019 0.005962461 0.01846617 0.004737173 0.01805404 0.005149154 0.01195315 0.01251895 0.008325596 0.006976045 0.006476997 0.01422618 0.007691589 0.008299209 0.009389539
0.01165285 0.008178949 0.00893818 0.01947446 0.006144105 0.01772774 0.004740271 0 0.004870662 0.005204721 0.01390758 0.004030433 0.01349544 0.005640888 0.007774383 0.01108922 0.01288419 0.006993621 0.009847739 0.01856121 0.009149945 0.009757566 0.01103024
0.01245144 0.008756559 0.01056078 0.02109706 0.00796226 0.01935034 0.006329019 0.004870662 0 0.005204721 0.01470616 0.004475924 0.01429403 0.005042884 0.008351993 0.01108922 0.0120856 0.009894339 0.01280602 0.01942156 0.01402061 0.01462823 0.01571856
0.01150344 0.005204721 0.01132786 0.02186414 0.006925932 0.02011742 0.005962461 0.005204721 0.005204721 0 0.01375817 0.005204721 0.0135043 0.005600985 0.007245147 0.01108922 0.0130336 0.009730405 0.01176969 0.02018864 0.01298428 0.0135919 0.01468223
0.005012649 0.009998351 0.01771132 0.02559055 0.01226472 0.02384384 0.01846617 0.01390758 0.01470616 0.01375817 0 0.01510403 0.01191225 0.01443164 0.006537152 0.01108922 0.02679177 0.01982709 0.02375532 0.03246879 0.0206477 0.01864346 0.02493782
0.0128493 0.007981182 0.006520225 0.0170565 0.006666152 0.01530978 0.004737173 0.004030433 0.004475924 0.005204721 0.01510403 0 0.01469189 0.003612433 0.008904831 0.01108922 0.01168774 0.008871234 0.009411132 0.01736476 0.01062572 0.01123334 0.01232367
0.01410518 0.01536612 0.01729919 0.02481201 0.01186163 0.0230653 0.01805404 0.01349544 0.01429403 0.0135043 0.01191225 0.01469189 0 0.01401951 0.0138108 0.01816674 0.02637963 0.01941495 0.02334318 0.03205665 0.02023556 0.01823132 0.02452569
0.01217691 0.007462801 0.00732198 0.01785826 0.006782396 0.01611154 0.005149154 0.005640888 0.005042884 0.005600985 0.01443164 0.003612433 0.01401951 0 0.008103076 0.01108922 0.01236013 0.009508689 0.01162615 0.01803715 0.01284074 0.01344836 0.01453869
0.004499822 0.003485331 0.01542506 0.02596133 0.005751704 0.02421461 0.01195315 0.007774383 0.008351993 0.007245147 0.006537152 0.008904831 0.0138108 0.008103076 0 0.01108922 0.02027875 0.01331407 0.0172423 0.02595577 0.01413468 0.01213044 0.0184248
0.01108922 0.01108922 0.01401631 0.02455259 0.01108922 0.02280587 0.01251895 0.01108922 0.01108922 0.01108922 0.01108922 0.01108922 0.01816674 0.01108922 0.01108922 0 0.02084454 0.01387986 0.01780809 0.02652157 0.01690019 0.01750781 0.0189906
0.02453704 0.01679341 0.009490112 0.01661886 0.01452704 0.01487214 0.008325596 0.01288419 0.0120856 0.0130336 0.02679177 0.01168774 0.02637963 0.01236013 0.02027875 0.02084454 0 0.006964681 0.004919171 0.01494336 0.006144069 0.00814831 0.005714214
